POL  SITE-LABELS  O  O  SITE-INDICES     1     1  RANK  0 :   4   BY     0 :   4   FREQ2  0.0000000E+00  CARTSPHER S
     0.8532122E+00   0.5079971E+00   0.7987097E-10   0.2547886E-11  -0.5743311E-01   0.2689218E-09  -0.2913186E-11  -0.5732229E+00   0.1486131E-11  -0.7228767E+00  -0.4657585E-09   0.8125589E-11   0.1280983E+01  -0.1118746E-10  -0.8440795E-09   0.1799044E-10   0.8503379E+00  -0.9279654E-09   0.9500619E-12  -0.9602803E+00   0.5801408E-11   0.1989379E-08  -0.2434047E-10   0.3797926E-03   0.1501561E-10
     0.5079971E+00   0.5506700E+01   0.1152514E-09   0.3709354E-11   0.1139207E+01   0.9978826E-09  -0.7052856E-10   0.6991602E+00  -0.3205942E-12   0.1601164E+00  -0.1325930E-08  -0.1874734E-11  -0.5087035E+01  -0.4635562E-10   0.1413240E-08  -0.4389916E-10  -0.1775770E+01  -0.1336624E-09   0.6883958E-10   0.1714144E+01   0.1362519E-10  -0.7083121E-08   0.1227634E-09  -0.3000113E-01  -0.4337568E-10
     0.7987097E-10   0.1152514E-09   0.4864217E+01  -0.9106365E-11  -0.1114050E-08   0.2688246E+01  -0.2705485E-11   0.6961598E-09  -0.7210444E-10  -0.1841126E-09  -0.1619266E+00   0.3051335E-10   0.1430581E-08  -0.5659943E-10  -0.5119504E+01  -0.4948606E-10   0.5294990E-08  -0.1638022E+01   0.1136818E-10  -0.5021018E-08   0.8620974E-10   0.1480866E+01  -0.6691168E-10  -0.6563758E-08   0.1333018E-09
     0.2547886E-11   0.3709354E-11  -0.9106365E-11   0.6815971E+01   0.5048007E-10   0.1268816E-11   0.9036773E+00   0.9080960E-10   0.2239122E-08  -0.3489205E-11   0.2565101E-10  -0.1852731E+01  -0.4511760E-10  -0.2063593E-08   0.1040257E-09  -0.5170832E+01  -0.6240629E-10   0.5656312E-11  -0.5673065E+00  -0.3860054E-10  -0.2823827E-08  -0.5329686E-10   0.1450425E+01  -0.7583576E-10  -0.5685739E-08
    -0.5743311E-01   0.1139207E+01  -0.1114050E-08   0.5048007E-10   0.1676125E+02  -0.7627644E-09  -0.3899635E-12   0.2448297E+01   0.5206552E-10   0.6678299E+01   0.1606758E-07  -0.6158867E-09   0.6916526E-01   0.1842872E-10   0.3835389E-08  -0.6340482E-10  -0.2345310E+01  -0.2586932E-07   0.8301076E-10  -0.1834457E+02  -0.4913130E-09  -0.6360772E-08   0.1057648E-09   0.3956365E+00  -0.2293700E-09
     0.2689218E-09   0.9978826E-09   0.2688246E+01   0.1268816E-11  -0.7627644E-09   0.1238499E+02  -0.3007607E-10   0.1268126E-08  -0.4409089E-10  -0.8457074E-08   0.8716466E+01   0.9747007E-11   0.5091927E-08  -0.4486258E-09   0.1422182E+01  -0.4487248E-10   0.1195207E-07   0.1774185E+01   0.2367615E-09  -0.4390328E-08  -0.2144022E-09  -0.2044151E+02  -0.3007866E-09   0.1420963E-07  -0.2810013E-09
    -0.2913186E-11  -0.7052856E-10  -0.2705485E-11   0.9036773E+00  -0.3899635E-12  -0.3007607E-10   0.1897107E+02  -0.3593513E-10  -0.1442482E-08   0.4673276E-09   0.2063271E-11   0.6167275E+01   0.6328123E-09   0.1646178E-07  -0.3272315E-10   0.1459874E+01  -0.1063075E-09   0.2361777E-09  -0.8894851E+01  -0.2686234E-09  -0.3209308E-07   0.6049284E-09  -0.2160925E+02   0.3586684E-09   0.1528921E-07
    -0.5732229E+00   0.6991602E+00   0.6961598E-09   0.9080960E-10   0.2448297E+01   0.1268126E-08  -0.3593513E-10   0.1651636E+02   0.2056506E-10  -0.1859203E+01  -0.6560362E-08  -0.2415234E-09   0.7477548E+01  -0.3901976E-10   0.1760452E-07  -0.7206638E-09  -0.7578634E+00  -0.9185579E-08   0.2868129E-09  -0.5989820E+01  -0.5388033E-10  -0.1375583E-07   0.4896068E-10  -0.2425610E+02  -0.8067422E-09
     0.1486131E-11  -0.3205942E-12  -0.7210444E-10   0.2239122E-08   0.5206552E-10  -0.4409089E-10  -0.1442482E-08   0.2056506E-10   0.1711473E+02   0.1553578E-10   0.2161855E-09  -0.8064449E-08  -0.5211714E-10   0.7488485E+01   0.7714021E-09   0.1864661E-07  -0.2414286E-09   0.1918721E-09   0.1503774E-07  -0.8553924E-10  -0.6964459E+01   0.5744303E-10  -0.1264668E-07   0.7899709E-09  -0.2546224E+02
    -0.7228767E+00   0.1601164E+00  -0.1841126E-09  -0.3489205E-11   0.6678299E+01  -0.8457074E-08   0.4673276E-09  -0.1859203E+01   0.1553578E-10   0.9285273E+02  -0.9638718E-08   0.2090887E-10   0.2135626E+02   0.5436168E-09  -0.2108527E-07   0.4414003E-09   0.2986755E+02   0.2389713E-06  -0.5782283E-08  -0.8666251E+00   0.1490625E-10   0.6891001E-07  -0.1054668E-08  -0.2998142E+01   0.5894922E-09
    -0.4657585E-09  -0.1325930E-08  -0.1619266E+00   0.2565101E-10   0.1606758E-07   0.8716466E+01   0.2063271E-11  -0.6560362E-08   0.2161855E-09  -0.9638718E-08   0.7426708E+02  -0.4168800E-09  -0.5101756E-08  -0.9146817E-10   0.7902004E+01   0.2571276E-09  -0.1685716E-06   0.4259727E+02   0.1671316E-10   0.1504960E-06  -0.4067231E-08   0.2053581E+01   0.1091169E-10   0.1326858E-07  -0.5764995E-09
     0.8125589E-11  -0.1874734E-11   0.3051335E-10  -0.1852731E+01  -0.6158867E-09   0.9747007E-11   0.6167275E+01  -0.2415234E-09  -0.8064449E-08   0.2090887E-10  -0.4168800E-09   0.1098127E+03  -0.1728464E-09  -0.1883515E-07  -0.4871563E-09   0.7473983E+01   0.4700200E-08   0.1611338E-10   0.2591982E+02   0.5693820E-08   0.2547366E-06  -0.1090368E-09   0.4498694E+01  -0.4266847E-10  -0.2334153E-07
     0.1280983E+01  -0.5087035E+01   0.1430581E-08  -0.4511760E-10   0.6916526E-01   0.5091927E-08   0.6328123E-09   0.7477548E+01  -0.5211714E-10   0.2135626E+02  -0.5101756E-08  -0.1728464E-09   0.9116710E+02   0.1768885E-09  -0.1168764E-07   0.9699109E-10  -0.9816940E+01  -0.6655810E-07  -0.2971219E-08   0.3412093E+02  -0.2397542E-09   0.1983673E-06  -0.6009506E-08   0.8664468E+01   0.2606109E-10
    -0.1118746E-10  -0.4635562E-10  -0.5659943E-10  -0.2063593E-08   0.1842872E-10  -0.4486258E-09   0.1646178E-07  -0.3901976E-10   0.7488485E+01   0.5436168E-09  -0.9146817E-10  -0.1883515E-07   0.1768885E-09   0.9024909E+02  -0.1647363E-10  -0.1046602E-07   0.4992986E-11   0.2297109E-08  -0.9723613E-07  -0.2367318E-09   0.3550271E+02   0.5771949E-08   0.2003372E-06   0.2449947E-09   0.1226342E+02
    -0.8440795E-09   0.1413240E-08  -0.5119504E+01   0.1040257E-09   0.3835389E-08   0.1422182E+01  -0.3272315E-10   0.1760452E-07   0.7714021E-09  -0.2108527E-07   0.7902004E+01  -0.4871563E-09  -0.1168764E-07  -0.1647363E-10   0.9983726E+02  -0.8035538E-11   0.3275688E-07  -0.9991268E+01   0.2607352E-09  -0.8148641E-07  -0.2169551E-08   0.3191629E+02   0.1532745E-09   0.3093792E-06  -0.7650309E-08
     0.1799044E-10  -0.4389916E-10  -0.4948606E-10  -0.5170832E+01  -0.6340482E-10  -0.4487248E-10   0.1459874E+01  -0.7206638E-09   0.1864661E-07   0.4414003E-09   0.2571276E-09   0.7473983E+01   0.9699109E-10  -0.1046602E-07  -0.8035538E-11   0.9888938E+02  -0.4156169E-10   0.5072242E-09  -0.5180950E+01   0.1507816E-08  -0.1167071E-06   0.1579577E-09   0.3606822E+02   0.7443789E-08   0.2981476E-06
     0.8503379E+00  -0.1775770E+01   0.5294990E-08  -0.6240629E-10  -0.2345310E+01   0.1195207E-07  -0.1063075E-09  -0.7578634E+00  -0.2414286E-09   0.2986755E+02  -0.1685716E-06   0.4700200E-08  -0.9816940E+01   0.4992986E-11   0.3275688E-07  -0.4156169E-10   0.7201036E+03  -0.1918682E-06   0.4008385E-09   0.1477157E+03   0.6825135E-08  -0.2390185E-06   0.3569044E-08  -0.9522321E+01   0.1231471E-08
    -0.9279654E-09  -0.1336624E-09  -0.1638022E+01   0.5656312E-11  -0.2586932E-07   0.1774185E+01   0.2361777E-09  -0.9185579E-08   0.1918721E-09   0.2389713E-06   0.4259727E+02   0.1611338E-10  -0.6655810E-07   0.2297109E-08  -0.9991268E+01   0.5072242E-09  -0.1918682E-06   0.5940520E+03  -0.5014022E-08  -0.1373272E-06  -0.6582738E-09   0.7761738E+02   0.3005100E-08  -0.2598984E-06   0.2848668E-08
     0.9500619E-12   0.6883958E-10   0.1136818E-10  -0.5673065E+00   0.8301076E-10   0.2367615E-09  -0.8894851E+01   0.2868129E-09   0.1503774E-07  -0.5782283E-08   0.1671316E-10   0.2591982E+02  -0.2971219E-08  -0.9723613E-07   0.2607352E-09  -0.5180950E+01   0.4008385E-09  -0.5014022E-08   0.8324306E+03  -0.1794147E-08  -0.3645348E-06  -0.5898303E-08   0.6870302E+02  -0.3152505E-08  -0.1234261E-06
    -0.9602803E+00   0.1714144E+01  -0.5021018E-08  -0.3860054E-10  -0.1834457E+02  -0.4390328E-08  -0.2686234E-09  -0.5989820E+01  -0.8553924E-10  -0.8666251E+00   0.1504960E-06   0.5693820E-08   0.3412093E+02  -0.2367318E-09  -0.8148641E-07   0.1507816E-08   0.1477157E+03  -0.1373272E-06  -0.1794147E-08   0.7072177E+03   0.1934334E-08  -0.3298228E-06   0.1527590E-08   0.2817012E+02   0.3550877E-08
     0.5801408E-11   0.1362519E-10   0.8620974E-10  -0.2823827E-08  -0.4913130E-09  -0.2144022E-09  -0.3209308E-07  -0.5388033E-10  -0.6964459E+01   0.1490625E-10  -0.4067231E-08   0.2547366E-06  -0.2397542E-09   0.3550271E+02  -0.2169551E-08  -0.1167071E-06   0.6825135E-08  -0.6582738E-09  -0.3645348E-06   0.1934334E-08   0.7180163E+03  -0.3671211E-09  -0.2836508E-06  -0.4099694E-08   0.2225853E+02
     0.1989379E-08  -0.7083121E-08   0.1480866E+01  -0.5329686E-10  -0.6360772E-08  -0.2044151E+02   0.6049284E-09  -0.1375583E-07   0.5744303E-10   0.6891001E-07   0.2053581E+01  -0.1090368E-09   0.1983673E-06   0.5771949E-08   0.3191629E+02   0.1579577E-09  -0.2390185E-06   0.7761738E+02  -0.5898303E-08  -0.3298228E-06  -0.3671211E-09   0.7341384E+03  -0.5304763E-09  -0.3642211E-06   0.1371254E-08
    -0.2434047E-10   0.1227634E-09  -0.6691168E-10   0.1450425E+01   0.1057648E-09  -0.3007866E-09  -0.2160925E+02   0.4896068E-10  -0.1264668E-07  -0.1054668E-08   0.1091169E-10   0.4498694E+01  -0.6009506E-08   0.2003372E-06   0.1532745E-09   0.3606822E+02   0.3569044E-08   0.3005100E-08   0.6870302E+02   0.1527590E-08  -0.2836508E-06  -0.5304763E-09   0.7144429E+03  -0.7420126E-09  -0.2832927E-06
     0.3797926E-03  -0.3000113E-01  -0.6563758E-08  -0.7583576E-10   0.3956365E+00   0.1420963E-07   0.3586684E-09  -0.2425610E+02   0.7899709E-09  -0.2998142E+01   0.1326858E-07  -0.4266847E-10   0.8664468E+01   0.2449947E-09   0.3093792E-06   0.7443789E-08  -0.9522321E+01  -0.2598984E-06  -0.3152505E-08   0.2817012E+02  -0.4099694E-08  -0.3642211E-06  -0.7420126E-09   0.8164039E+03  -0.1640407E-09
     0.1501561E-10  -0.4337568E-10   0.1333018E-09  -0.5685739E-08  -0.2293700E-09  -0.2810013E-09   0.1528921E-07  -0.8067422E-09  -0.2546224E+02   0.5894922E-09  -0.5764995E-09  -0.2334153E-07   0.2606109E-10   0.1226342E+02  -0.7650309E-08   0.2981476E-06   0.1231471E-08   0.2848668E-08  -0.1234261E-06   0.3550877E-08   0.2225853E+02   0.1371254E-08  -0.2832927E-06  -0.1640407E-09   0.8138961E+03
END
POL  SITE-LABELS  O  H1  SITE-INDICES     1     2  RANK  0 :   4   BY     0 :   4   FREQ2  0.0000000E+00  CARTSPHER S
    -0.4266061E+00   0.1394747E+00   0.1363428E+00   0.9133223E-12   0.3423866E-02   0.1014174E-02  -0.8576035E-12   0.1046878E-01  -0.5673253E-12  -0.2118897E-02  -0.2441070E-01   0.7706458E-12  -0.1775402E-01  -0.1027708E-11  -0.3710268E-01  -0.2518238E-12  -0.1808327E-01  -0.3305155E-01   0.2765390E-12   0.2663431E-01   0.1904594E-11   0.4573112E-01   0.5147453E-12  -0.1795167E-01   0.1257934E-11
    -0.2539986E+00   0.1914003E+00  -0.1940130E+00   0.1844274E-11   0.1073073E+00   0.1371002E+00  -0.3709822E-11   0.6693456E-01   0.2111010E-11  -0.4586931E-01  -0.5384224E-01  -0.5803654E-12  -0.6364130E-01  -0.6168567E-11   0.1271454E+00  -0.2052142E-11  -0.3601975E-01   0.8050658E-01   0.4924542E-11  -0.1518944E+00   0.7982837E-11  -0.1798999E+00   0.1092064E-11   0.7312863E-01  -0.8863705E-11
    -0.3351756E+00  -0.1581837E+00   0.6215040E-01   0.1364877E-11  -0.3834565E-01   0.1086159E+00   0.7425067E-12   0.1781670E+00  -0.1702081E-11   0.2861845E-01   0.3144046E-01   0.6107777E-12   0.8302480E-01  -0.2913997E-11  -0.5728246E-01  -0.4507953E-11  -0.6104355E-02  -0.5944181E-01  -0.2546752E-12   0.9071054E-01  -0.1416337E-11  -0.3884876E-01   0.1211782E-11  -0.2255736E+00   0.2318283E-11
    -0.4389225E-12   0.6175913E-12  -0.4644297E-12   0.3428629E+00   0.2275025E-11   0.1151023E-11   0.9329864E-01   0.4677175E-11   0.1632957E+00  -0.1263495E-11   0.7381744E-12  -0.9762112E-01  -0.3571894E-12  -0.3383226E-01   0.6462927E-11  -0.1645714E+00  -0.2310801E-11  -0.2950505E-11  -0.1116670E+00  -0.4383662E-11  -0.1310492E-01  -0.1206211E-10  -0.1194982E+00  -0.4096738E-11  -0.2896991E+00
     0.2871654E-01  -0.5558561E+00   0.4131902E+00   0.4314189E-12   0.4078146E+00  -0.1695507E+00   0.1094226E-10   0.2653484E+00  -0.4401149E-11   0.5127740E+00   0.4560122E+00  -0.1950948E-10   0.2297474E+00   0.1159780E-10  -0.1154843E+00  -0.8499643E-11  -0.6060844E-01  -0.1120498E+00  -0.1567041E-10  -0.1642592E+00  -0.4678491E-10   0.3335678E+00   0.4874170E-12  -0.2467538E+00  -0.3380093E-12
     0.4307675E+00  -0.2802178E+00   0.2483304E-01  -0.3046911E-11  -0.2267487E+00   0.1702443E+00   0.5707729E-11  -0.3139922E+00   0.1215944E-11  -0.1616140E+00   0.3234022E+00   0.4215372E-11   0.3490701E+00  -0.4299564E-11   0.6929391E-01   0.1019857E-10   0.8656377E-01   0.5528528E-01   0.7130946E-11   0.1887045E+00  -0.1557148E-10  -0.1582621E+00  -0.2632680E-10   0.3555699E+00   0.7413426E-12
     0.1372511E-11  -0.1474725E-11   0.2401366E-11  -0.5433393E+00  -0.7591369E-11  -0.3346084E-11   0.6304585E+00  -0.9717592E-11  -0.3631733E+00   0.2056723E-10  -0.3109373E-11   0.5551193E+00   0.2126179E-10   0.4572208E+00  -0.2067688E-10   0.2326535E+00   0.5538418E-11   0.2322851E-10  -0.1581312E+00   0.1580431E-10   0.1474547E+00   0.5973113E-10  -0.3107331E+00   0.1000023E-11   0.4688663E+00
     0.2866114E+00   0.2464623E+00  -0.3377280E+00   0.1154429E-11   0.2684056E+00  -0.2765088E+00  -0.1979685E-11   0.4660415E+00   0.8485053E-11  -0.1515937E-01  -0.6570877E-01  -0.1471709E-10   0.3230400E+00   0.1913467E-11   0.6320468E+00  -0.1511258E-10  -0.1405165E+00   0.1003077E+00   0.4744785E-11  -0.1388995E+00  -0.7523953E-11   0.2918023E+00  -0.9706379E-11  -0.3042688E+00  -0.5576554E-10
     0.1726566E-11   0.2050428E-11   0.3761631E-13  -0.7070293E+00  -0.4323935E-11  -0.2197463E-11  -0.3709670E+00  -0.1076618E-10   0.4153061E+00  -0.2183816E-11   0.2772128E-11   0.8637270E-03  -0.6689982E-11   0.3929267E+00   0.1108043E-10   0.7300876E+00  -0.8829166E-11   0.3884599E-11   0.1568580E+00   0.6863353E-11  -0.6895979E-01   0.1992969E-10   0.3710804E+00   0.5299080E-10  -0.2429458E+00
     0.3614383E+00   0.4224533E+00  -0.7143471E+00  -0.8635421E-11  -0.2136274E+01   0.1411946E+01   0.5064365E-11  -0.1077571E+01  -0.1120718E-11   0.2176911E+01  -0.6290517E+00   0.7844046E-10   0.1203306E+01  -0.1599825E-10  -0.5887920E-01   0.3671597E-10   0.3155410E+01   0.2204904E+01  -0.1371010E-09   0.1587703E+01   0.9647622E-10  -0.1679807E+00  -0.7987705E-10   0.3297002E+00   0.6500061E-10
    -0.4378788E+00   0.1557229E+01  -0.7164433E+00  -0.3011142E-12  -0.1422834E+01  -0.1044657E+01  -0.1914871E-10   0.4386762E+00   0.7804896E-11  -0.1079087E+01   0.1129593E+01   0.2622450E-10  -0.1114518E+01   0.2037889E-10   0.6465261E+00  -0.5068362E-11  -0.1283666E+01   0.2119925E+01   0.2338471E-10   0.2044632E+01  -0.1012881E-10   0.7573902E+00   0.7626745E-10  -0.2808320E+00  -0.3815251E-10
    -0.4261490E-11   0.1357492E-10  -0.6938632E-11   0.4011996E+00  -0.1237514E-10   0.1533067E-10  -0.2518246E+01   0.3856276E-12   0.1203772E+01  -0.6654774E-10  -0.2788176E-10   0.3186137E+01  -0.7019785E-10  -0.1251955E+01   0.3786716E-10   0.6645746E+00   0.1511318E-09  -0.3177110E-10   0.3855794E+01   0.1372486E-09   0.2254103E+01  -0.1733805E-09   0.1252366E+01   0.6472727E-10  -0.3358299E+00
    -0.6404915E+00   0.2813312E+00   0.6906546E+00  -0.1151530E-10  -0.2225570E+00  -0.1079106E+01   0.2188937E-10  -0.9947416E+00  -0.2284431E-10   0.1308894E+01  -0.1176858E+01   0.2676303E-10   0.2329903E+01   0.6140960E-10  -0.1619035E+01   0.3377860E-10   0.6649142E+00  -0.1097339E+00  -0.1549372E-09   0.2503978E+01   0.3328430E-10   0.2894046E+01  -0.8537160E-10   0.6859590E+00   0.1718431E-09
    -0.6355843E-11   0.6842298E-11   0.1107039E-11   0.1647105E+01   0.1098430E-10  -0.4520648E-11  -0.1825928E+01   0.2475928E-10  -0.7035788E+00  -0.1553301E-10  -0.1702001E-10  -0.1581544E+01  -0.5277130E-10   0.1952941E+01  -0.1407422E-10  -0.1744866E+01  -0.2017813E-10   0.2521972E-10  -0.4105617E+00  -0.4293574E-10   0.2147071E+01   0.4348247E-10   0.2941433E+01  -0.1445231E-09   0.7353514E+00
    -0.2413043E+00  -0.2546172E+00   0.6983106E+00  -0.1273864E-10  -0.6911770E+00   0.5739098E+00  -0.1818577E-11  -0.2642824E+01   0.6855148E-11  -0.1359283E+00   0.5765979E+00   0.2212584E-10  -0.1657768E+01   0.4882840E-11   0.2263578E+01   0.8793788E-10   0.5709738E-01  -0.2948058E+00   0.1857021E-10   0.1219800E+00  -0.4909348E-10   0.1665787E+01   0.3235846E-10   0.4153953E+01  -0.5698940E-10
    -0.3000879E-11  -0.4507855E-11   0.7955561E-11   0.1169974E+01  -0.5942759E-11   0.4494630E-11   0.7565983E+00  -0.8123255E-11  -0.2446072E+01   0.1722450E-10  -0.7189106E-11   0.6589596E+00   0.1002031E-10  -0.1660327E+01  -0.8547911E-10   0.2222629E+01   0.5051810E-10   0.3262185E-11  -0.1722245E-01   0.6421874E-10   0.2979294E+00  -0.2272700E-10   0.1813869E+01   0.5528935E-10   0.4114212E+01
    -0.4251690E+00   0.9331857E+00   0.2025320E+00   0.1301326E-10   0.1424294E+01  -0.4872313E+01  -0.6578043E-10   0.2337612E+01   0.3021207E-10  -0.1412018E+02   0.9145427E+01  -0.2053796E-11  -0.5546418E+01  -0.1327852E-10   0.1558969E+01  -0.4105188E-10   0.2015984E+02  -0.9917628E+00   0.7934351E-09   0.6855087E+01  -0.1179223E-09   0.4710026E+00   0.3432281E-09  -0.4735191E+00  -0.2177924E-09
    -0.1139564E+00  -0.1950698E+01   0.1826528E+01   0.8140695E-11   0.7035375E+01  -0.1677346E+01   0.6718553E-11  -0.6697372E-01  -0.1583203E-10  -0.9810597E+01  -0.8873207E+01  -0.1416323E-09   0.3968113E+01   0.3939285E-10  -0.2887859E+01  -0.3740861E-10  -0.6330987E+01   0.1526258E+02   0.1787249E-09  -0.6192528E+01   0.2048176E-09   0.3457155E+01  -0.5819007E-10   0.8899558E+00   0.1113507E-09
     0.4381105E-11  -0.2225128E-10   0.1209991E-10   0.4028650E+00   0.8091620E-10  -0.4956725E-10   0.2761416E+01   0.4334314E-10  -0.2687786E+01  -0.3085665E-10   0.1170301E-09  -0.1641725E+02  -0.3555542E-11   0.7420399E+01  -0.4681721E-12  -0.3296047E+01  -0.7574634E-09  -0.1721063E-09   0.2552242E+02  -0.6818145E-09  -0.5321525E+01   0.2830057E-09   0.3634425E+01  -0.2588742E-09   0.1007123E+01
     0.4801402E+00  -0.1620956E+01   0.5553494E-01   0.2370561E-10   0.2541156E+01   0.4823009E+01  -0.8244297E-10  -0.3871078E+00   0.4175087E-10  -0.2062789E+01  -0.6622335E+01   0.1031808E-09  -0.1005686E+02  -0.2362388E-09   0.4399105E+01   0.2173720E-10   0.7454075E+01  -0.8530428E+01   0.5251712E-09   0.1980823E+02   0.4000194E-09  -0.8486218E+01   0.3153836E-09   0.2250053E+01  -0.2459731E-09
     0.6040077E-11  -0.2679391E-10   0.5467498E-11  -0.1502598E+01   0.2840687E-10   0.1768630E-10   0.7635500E+01  -0.1952821E-10  -0.1670503E+01   0.9788842E-10  -0.1554831E-10  -0.1069041E+02   0.2035045E-09  -0.9222145E+01  -0.6148094E-10   0.4402785E+01  -0.8540724E-10  -0.2086239E-09  -0.9322611E+01  -0.3692574E-09   0.2027491E+02  -0.2002995E-09  -0.8881299E+01   0.1345731E-09   0.1711143E+01
     0.3160392E+00  -0.1138719E-03  -0.1224154E+01   0.3254672E-10   0.1209730E+01   0.1846720E+01  -0.5826788E-10   0.5852361E+01  -0.1361279E-10  -0.3087935E+01   0.1197937E+01  -0.7693987E-10  -0.1214125E+02   0.3316737E-10  -0.5060521E+01  -0.2267234E-09  -0.5454772E+00   0.3698161E+01   0.1570131E-09  -0.1057325E+02   0.1604222E-09   0.2004567E+02   0.6166354E-09  -0.1050963E+02   0.4211457E-10
     0.1264435E-11   0.2938634E-12  -0.1558473E-10  -0.2410647E+01   0.1245262E-10   0.3675470E-10   0.2650544E+01   0.3354078E-10   0.5247727E+01  -0.9342745E-10   0.6470656E-10   0.1383594E+01  -0.8935982E-10  -0.1151404E+02   0.2280697E-09  -0.4798513E+01  -0.1218608E-10  -0.1286434E-09   0.3920497E+01  -0.1423414E-09  -0.1041458E+02  -0.6671387E-09   0.1923937E+02  -0.4901897E-10  -0.1062607E+02
    -0.1898895E-03   0.2370039E+00  -0.6898817E+00   0.1708658E-10   0.1160609E+01  -0.9341208E+00   0.2485831E-10   0.5790885E+01  -0.6825745E-10   0.7712084E-01  -0.1841236E+01   0.3015674E-10   0.4116316E+01  -0.2617642E-10  -0.1784426E+02  -0.8630070E-12  -0.5066368E+00   0.1112566E+01  -0.1259921E-09   0.1641892E+01   0.1277637E-09  -0.1066169E+02  -0.4178661E-10   0.2143845E+02   0.8838044E-09
    -0.1053890E-11   0.6601653E-11  -0.1082731E-10  -0.1143953E+01   0.2238675E-10  -0.1601453E-10  -0.1176733E+01   0.7250290E-10   0.5465562E+01  -0.1358485E-10  -0.3105880E-10  -0.1911519E+01   0.1454779E-10   0.4247954E+01  -0.4663747E-11  -0.1783974E+02  -0.6630936E-10   0.1985213E-10   0.6466646E+00  -0.1523751E-09   0.1211320E+01   0.1798630E-10  -0.1109312E+02  -0.8935249E-09   0.2131094E+02
END
POL  SITE-LABELS  O  H2  SITE-INDICES     1     3  RANK  0 :   4   BY     0 :   4   FREQ2  0.0000000E+00  CARTSPHER S
    -0.4266061E+00   0.1394747E+00  -0.1363428E+00   0.2244622E-11   0.3423866E-02  -0.1014174E-02  -0.2523001E-11   0.1046878E-01   0.3240591E-11  -0.2118897E-02   0.2441070E-01   0.2670938E-12  -0.1775402E-01  -0.2360226E-12   0.3710268E-01   0.6335893E-12  -0.1808327E-01   0.3305155E-01   0.6593295E-13   0.2663431E-01  -0.3524418E-11  -0.4573112E-01   0.4540381E-11  -0.1795167E-01  -0.3220083E-11
    -0.2539986E+00   0.1914003E+00   0.1940130E+00   0.3479113E-11   0.1073073E+00  -0.1371002E+00  -0.6986964E-11   0.6693456E-01  -0.1078201E-11  -0.4586931E-01   0.5384224E-01  -0.2138705E-11  -0.6364130E-01   0.3759056E-11  -0.1271454E+00  -0.7365909E-11  -0.3601975E-01  -0.8050657E-01   0.7133931E-11  -0.1518944E+00  -0.1564273E-10   0.1798999E+00   0.1245327E-10   0.7312863E-01   0.6372159E-11
     0.3351756E+00   0.1581837E+00   0.6215040E-01  -0.4737099E-11   0.3834565E-01   0.1086159E+00  -0.2023841E-11  -0.1781669E+00  -0.6938964E-11  -0.2861845E-01   0.3144046E-01   0.2967938E-11  -0.8302480E-01  -0.9718760E-11  -0.5728246E-01   0.6038821E-11   0.6104355E-02  -0.5944181E-01   0.7255934E-11  -0.9071054E-01  -0.5134987E-11  -0.3884876E-01  -0.1054805E-10   0.2255736E+00   0.1696754E-10
    -0.2108901E-11   0.6441560E-12  -0.1277343E-13   0.3428629E+00   0.4754833E-11  -0.1520679E-11   0.9329864E-01   0.1083635E-10  -0.1632957E+00  -0.9314244E-13   0.7950451E-12  -0.9762112E-01  -0.2262415E-12   0.3383226E-01   0.1823725E-11  -0.1645714E+00  -0.5130213E-11   0.6180182E-11  -0.1116670E+00  -0.1080357E-10   0.1310492E-01   0.2298576E-10  -0.1194981E+00  -0.2600422E-10   0.2896991E+00
     0.2871654E-01  -0.5558561E+00  -0.4131902E+00   0.2676643E-11   0.4078146E+00   0.1695507E+00   0.2092735E-10   0.2653484E+00   0.1229396E-10   0.5127740E+00  -0.4560122E+00  -0.3866689E-10   0.2297474E+00   0.3913206E-11   0.1154843E+00  -0.1090856E-10  -0.6060843E-01   0.1120498E+00  -0.3754818E-10  -0.1642592E+00   0.3875147E-10  -0.3335678E+00  -0.1415799E-10  -0.2467538E+00  -0.3278231E-10
    -0.4307675E+00   0.2802178E+00   0.2483304E-01   0.8229715E-11   0.2267487E+00   0.1702443E+00  -0.1544238E-10   0.3139922E+00   0.6145507E-11   0.1616140E+00   0.3234022E+00  -0.1434600E-10  -0.3490701E+00  -0.1596391E-10   0.6929391E-01  -0.1932432E-10  -0.8656377E-01   0.5528528E-01   0.6544803E-11  -0.1887044E+00  -0.4619512E-10  -0.1582621E+00   0.3547506E-10  -0.3555698E+00  -0.2196907E-10
     0.1539198E-11  -0.1025866E-11  -0.5355878E-11  -0.5433393E+00  -0.1322230E-10   0.5820879E-11   0.6304585E+00  -0.2279329E-10   0.3631733E+00   0.3302730E-10  -0.3458766E-11   0.5551193E+00   0.4225069E-10  -0.4572208E+00   0.1287092E-10   0.2326535E+00   0.1507106E-10  -0.1280134E-10  -0.1581312E+00   0.3663813E-10  -0.1474547E+00  -0.4301280E-10  -0.3107331E+00   0.5407928E-10  -0.4688663E+00
     0.2866114E+00   0.2464623E+00   0.3377280E+00  -0.4615342E-12   0.2684056E+00   0.2765088E+00  -0.3519367E-11   0.4660415E+00  -0.1897397E-10  -0.1515937E-01   0.6570877E-01  -0.2128438E-10   0.3230399E+00  -0.1246059E-10  -0.6320468E+00  -0.4678374E-10  -0.1405165E+00  -0.1003077E+00   0.1353851E-10  -0.1388995E+00  -0.8001740E-11  -0.2918023E+00  -0.4028899E-10  -0.3042688E+00   0.4225950E-10
    -0.3214800E-11  -0.5853253E-11   0.7659632E-12   0.7070293E+00   0.1371975E-10  -0.1093342E-10   0.3709670E+00   0.3148776E-10   0.4153061E+00   0.1347335E-10   0.6838796E-11  -0.8637287E-03   0.9203516E-11   0.3929267E+00   0.4990690E-10  -0.7300876E+00  -0.2108069E-11   0.1840376E-10  -0.1568580E+00  -0.3387339E-10  -0.6895979E-01   0.7800953E-10  -0.3710804E+00  -0.6168067E-10  -0.2429458E+00
     0.3614383E+00   0.4224533E+00   0.7143471E+00  -0.2249958E-10  -0.2136274E+01  -0.1411946E+01   0.2177104E-10  -0.1077571E+01  -0.1718357E-10   0.2176911E+01   0.6290517E+00   0.1587166E-09   0.1203306E+01   0.5910783E-10   0.5887920E-01   0.8340513E-10   0.3155410E+01  -0.2204904E+01  -0.2581447E-09   0.1587703E+01   0.4377560E-10   0.1679807E+00  -0.1272361E-09   0.3297002E+00   0.2827434E-10
     0.4378788E+00  -0.1557229E+01  -0.7164433E+00   0.6754225E-11   0.1422834E+01  -0.1044657E+01   0.5708631E-10  -0.4386762E+00   0.3555084E-10   0.1079087E+01   0.1129593E+01  -0.8926138E-10   0.1114518E+01   0.8401551E-10   0.6465261E+00   0.2916143E-10   0.1283666E+01   0.2119925E+01  -0.1540944E-09  -0.2044632E+01  -0.5174745E-10   0.7573902E+00  -0.6006028E-10   0.2808320E+00  -0.1019665E-09
    -0.3864073E-11   0.2496146E-10   0.1247251E-10   0.4011996E+00  -0.3151192E-10  -0.5651175E-11  -0.2518246E+01  -0.5028266E-11  -0.1203772E+01  -0.1204216E-09   0.1349442E-10   0.3186137E+01  -0.1496430E-09   0.1251955E+01  -0.9296934E-10   0.6645746E+00   0.2332000E-09  -0.4885718E-10   0.3855794E+01   0.3071121E-09  -0.2254103E+01   0.5242940E-10   0.1252366E+01   0.5057924E-10   0.3358299E+00
    -0.6404915E+00   0.2813312E+00  -0.6906546E+00  -0.1667864E-10  -0.2225570E+00   0.1079106E+01   0.2624810E-10  -0.9947416E+00   0.3082770E-10   0.1308894E+01   0.1176858E+01   0.3335803E-10   0.2329903E+01  -0.8724810E-10   0.1619035E+01   0.9674851E-10   0.6649142E+00   0.1097339E+00  -0.2246754E-09   0.2503978E+01  -0.6786314E-10  -0.2894046E+01  -0.2620228E-09   0.6859590E+00  -0.1741089E-09
     0.1754378E-10  -0.1924427E-10   0.6190854E-11  -0.1647105E+01  -0.3782653E-10  -0.1494887E-10   0.1825928E+01  -0.6752859E-10  -0.7035788E+00   0.7876455E-10  -0.4926209E-10   0.1581544E+01   0.1311791E-09   0.1952941E+01  -0.7055809E-10   0.1744866E+01   0.1377252E-09   0.3432354E-10   0.4105617E+00   0.1205860E-09   0.2147071E+01   0.1791899E-09  -0.2941433E+01   0.2224516E-09   0.7353514E+00
     0.2413043E+00   0.2546172E+00   0.6983106E+00   0.3600625E-10   0.6911770E+00   0.5739098E+00   0.3137936E-11   0.2642824E+01   0.1781960E-10   0.1359283E+00   0.5765978E+00  -0.9766861E-10   0.1657768E+01   0.1297117E-10   0.2263578E+01  -0.2173153E-09  -0.5709738E-01  -0.2948058E+00  -0.6618051E-10  -0.1219801E+00  -0.9947450E-10   0.1665787E+01  -0.1060281E-09  -0.4153953E+01  -0.3624984E-09
    -0.1498940E-10  -0.1072564E-10  -0.2605983E-10   0.1169974E+01   0.1404574E-10  -0.2323895E-10   0.7565983E+00   0.1933929E-11   0.2446072E+01   0.6060995E-10   0.2507533E-10   0.6589596E+00   0.1470412E-10   0.1660327E+01   0.2012888E-09   0.2222629E+01   0.7557697E-10   0.7575942E-10  -0.1722245E-01   0.6151155E-10  -0.2979294E+00   0.1541474E-09   0.1813869E+01   0.3352171E-09  -0.4114212E+01
    -0.4251690E+00   0.9331857E+00  -0.2025320E+00   0.1630995E-10   0.1424294E+01   0.4872313E+01  -0.1779547E-09   0.2337612E+01  -0.7261939E-10  -0.1412018E+02  -0.9145427E+01   0.1062944E-09  -0.5546418E+01  -0.2158917E-09  -0.1558969E+01  -0.1506009E-09   0.2015984E+02   0.9917627E+00   0.1641949E-08   0.6855087E+01   0.3956614E-09  -0.4710027E+00   0.6624967E-09  -0.4735191E+00   0.3622476E-09
     0.1139564E+00   0.1950698E+01   0.1826528E+01  -0.3672301E-10  -0.7035375E+01  -0.1677346E+01   0.5176807E-11   0.6697373E-01  -0.7846923E-10   0.9810597E+01  -0.8873207E+01   0.4798022E-09  -0.3968113E+01   0.1886465E-09  -0.2887859E+01   0.8146918E-10   0.6330987E+01   0.1526258E+02  -0.6049557E-09   0.6192528E+01   0.8071381E-09   0.3457155E+01   0.2066511E-09  -0.8899558E+00   0.4250758E-09
    -0.5331118E-11  -0.2653525E-10  -0.2564674E-10   0.4028650E+00   0.1759776E-09   0.7170818E-10   0.2761416E+01   0.1127240E-09   0.2687786E+01  -0.1420101E-09  -0.1688380E-10  -0.1641725E+02  -0.2318962E-10  -0.7420399E+01   0.1645394E-09  -0.3296047E+01  -0.1346504E-08   0.8568129E-10   0.2552242E+02  -0.1493211E-08   0.5321524E+01  -0.6401553E-09   0.3634425E+01  -0.6060888E-09  -0.1007123E+01
     0.4801402E+00  -0.1620956E+01  -0.5553495E-01   0.3638141E-10   0.2541156E+01  -0.4823009E+01  -0.9579468E-10  -0.3871078E+00  -0.1950961E-10  -0.2062789E+01   0.6622335E+01   0.1264757E-09  -0.1005686E+02   0.3589841E-09  -0.4399105E+01   0.8675210E-10   0.7454075E+01   0.8530428E+01   0.6478028E-09   0.1980823E+02  -0.5037140E-09   0.8486217E+01   0.1083713E-08   0.2250053E+01   0.5242866E-09
    -0.1184151E-10   0.8017312E-10   0.2758795E-10   0.1502598E+01  -0.9546151E-10   0.7284525E-10  -0.7635500E+01   0.3274848E-10  -0.1670503E+01  -0.4223683E-09  -0.9966953E-10   0.1069041E+02  -0.5198275E-09  -0.9222145E+01  -0.2568109E-09  -0.4402785E+01   0.5376239E-09  -0.5775922E-09   0.9322611E+01   0.9547354E-09   0.2027491E+02  -0.9043174E-09   0.8881299E+01  -0.4772112E-09   0.1711143E+01
    -0.3160392E+00   0.1138740E-03  -0.1224154E+01  -0.9797794E-10  -0.1209730E+01   0.1846720E+01   0.1554270E-09  -0.5852361E+01  -0.3711864E-10   0.3087935E+01   0.1197937E+01   0.2828628E-09   0.1214125E+02   0.5070499E-10  -0.5060521E+01   0.5373134E-09   0.5454772E+00   0.3698161E+01  -0.7771645E-09   0.1057325E+02   0.2947325E-09   0.2004567E+02  -0.1375091E-08   0.1050963E+02   0.5520096E-09
     0.2307623E-10  -0.2463041E-10   0.4339087E-10  -0.2410647E+01  -0.3984094E-10  -0.9603531E-10   0.2650544E+01   0.9211869E-11  -0.5247727E+01  -0.7885581E-11  -0.2027260E-09   0.1383594E+01  -0.6178402E-10   0.1151404E+02  -0.4416461E-09  -0.4798513E+01   0.3183673E-09   0.2264176E-09   0.3920496E+01  -0.1523663E-09   0.1041458E+02   0.1217581E-08   0.1923937E+02  -0.5218215E-09   0.1062607E+02
    -0.1898887E-03   0.2370039E+00   0.6898817E+00   0.9112221E-10   0.1160609E+01   0.9341208E+00   0.6361608E-10   0.5790885E+01   0.2140045E-09   0.7712083E-01   0.1841236E+01  -0.1526857E-09   0.4116316E+01   0.1535725E-09   0.1784426E+02  -0.1560299E-09  -0.5066367E+00  -0.1112566E+01  -0.4513653E-09   0.1641892E+01  -0.4409421E-09   0.1066169E+02  -0.1268768E-09   0.2143845E+02  -0.2248764E-08
    -0.1396140E-10  -0.2398992E-10  -0.5845502E-10   0.1143953E+01  -0.3576744E-10  -0.6761489E-10   0.1176733E+01  -0.2026621E-09   0.5465562E+01   0.1193155E-09   0.4880348E-12   0.1911519E+01  -0.7473646E-10   0.4247954E+01   0.1065327E-09   0.1783974E+02   0.3935105E-09   0.2295469E-09  -0.6466646E+00   0.5102376E-09   0.1211320E+01   0.1414294E-09   0.1109312E+02   0.2235009E-08   0.2131094E+02
END
POL  SITE-LABELS  H1  O  SITE-INDICES     2     1  RANK  0 :   4   BY     0 :   4   FREQ2  0.0000000E+00  CARTSPHER S
    -0.4266061E+00  -0.2539986E+00  -0.3351756E+00  -0.4389225E-12   0.2871654E-01   0.4307675E+00   0.1372511E-11   0.2866114E+00   0.1726566E-11   0.3614383E+00  -0.4378788E+00  -0.4261490E-11  -0.6404915E+00  -0.6355843E-11  -0.2413043E+00  -0.3000879E-11  -0.4251690E+00  -0.1139564E+00   0.4381105E-11   0.4801402E+00   0.6040077E-11   0.3160392E+00   0.1264435E-11  -0.1898895E-03  -0.1053890E-11
     0.1394747E+00   0.1914003E+00  -0.1581837E+00   0.6175913E-12  -0.5558561E+00  -0.2802178E+00  -0.1474725E-11   0.2464623E+00   0.2050428E-11   0.4224533E+00   0.1557229E+01   0.1357492E-10   0.2813312E+00   0.6842298E-11  -0.2546172E+00  -0.4507855E-11   0.9331857E+00  -0.1950698E+01  -0.2225128E-10  -0.1620956E+01  -0.2679391E-10  -0.1138719E-03   0.2938634E-12   0.2370039E+00   0.6601653E-11
     0.1363428E+00  -0.1940130E+00   0.6215040E-01  -0.4644297E-12   0.4131902E+00   0.2483304E-01   0.2401366E-11  -0.3377280E+00   0.3761631E-13  -0.7143471E+00  -0.7164433E+00  -0.6938632E-11   0.6906546E+00   0.1107039E-11   0.6983106E+00   0.7955561E-11   0.2025320E+00   0.1826528E+01   0.1209991E-10   0.5553494E-01   0.5467498E-11  -0.1224154E+01  -0.1558473E-10  -0.6898817E+00  -0.1082731E-10
     0.9133223E-12   0.1844274E-11   0.1364877E-11   0.3428629E+00   0.4314189E-12  -0.3046911E-11  -0.5433393E+00   0.1154429E-11  -0.7070293E+00  -0.8635421E-11  -0.3011142E-12   0.4011996E+00  -0.1151530E-10   0.1647105E+01  -0.1273864E-10   0.1169974E+01   0.1301326E-10   0.8140695E-11   0.4028650E+00   0.2370561E-10  -0.1502598E+01   0.3254672E-10  -0.2410647E+01   0.1708658E-10  -0.1143953E+01
     0.3423866E-02   0.1073073E+00  -0.3834565E-01   0.2275025E-11   0.4078146E+00  -0.2267487E+00  -0.7591369E-11   0.2684056E+00  -0.4323935E-11  -0.2136274E+01  -0.1422834E+01  -0.1237514E-10  -0.2225570E+00   0.1098430E-10  -0.6911770E+00  -0.5942759E-11   0.1424294E+01   0.7035375E+01   0.8091620E-10   0.2541156E+01   0.2840687E-10   0.1209730E+01   0.1245262E-10   0.1160609E+01   0.2238675E-10
     0.1014174E-02   0.1371002E+00   0.1086159E+00   0.1151023E-11  -0.1695507E+00   0.1702443E+00  -0.3346084E-11  -0.2765088E+00  -0.2197463E-11   0.1411946E+01  -0.1044657E+01   0.1533067E-10  -0.1079106E+01  -0.4520648E-11   0.5739098E+00   0.4494630E-11  -0.4872313E+01  -0.1677346E+01  -0.4956725E-10   0.4823009E+01   0.1768630E-10   0.1846720E+01   0.3675470E-10  -0.9341208E+00  -0.1601453E-10
    -0.8576035E-12  -0.3709822E-11   0.7425067E-12   0.9329864E-01   0.1094226E-10   0.5707729E-11   0.6304585E+00  -0.1979685E-11  -0.3709670E+00   0.5064365E-11  -0.1914871E-10  -0.2518246E+01   0.2188937E-10  -0.1825928E+01  -0.1818577E-11   0.7565983E+00  -0.6578043E-10   0.6718553E-11   0.2761416E+01  -0.8244297E-10   0.7635500E+01  -0.5826788E-10   0.2650544E+01   0.2485831E-10  -0.1176733E+01
     0.1046878E-01   0.6693456E-01   0.1781670E+00   0.4677175E-11   0.2653484E+00  -0.3139922E+00  -0.9717592E-11   0.4660415E+00  -0.1076618E-10  -0.1077571E+01   0.4386762E+00   0.3856276E-12  -0.9947416E+00   0.2475928E-10  -0.2642824E+01  -0.8123255E-11   0.2337612E+01  -0.6697372E-01   0.4334314E-10  -0.3871078E+00  -0.1952821E-10   0.5852361E+01   0.3354078E-10   0.5790885E+01   0.7250290E-10
    -0.5673253E-12   0.2111010E-11  -0.1702081E-11   0.1632957E+00  -0.4401149E-11   0.1215944E-11  -0.3631733E+00   0.8485053E-11   0.4153061E+00  -0.1120718E-11   0.7804896E-11   0.1203772E+01  -0.2284431E-10  -0.7035788E+00   0.6855148E-11  -0.2446072E+01   0.3021207E-10  -0.1583203E-10  -0.2687786E+01   0.4175087E-10  -0.1670503E+01  -0.1361279E-10   0.5247727E+01  -0.6825745E-10   0.5465562E+01
    -0.2118897E-02  -0.4586931E-01   0.2861845E-01  -0.1263495E-11   0.5127740E+00  -0.1616140E+00   0.2056723E-10  -0.1515937E-01  -0.2183816E-11   0.2176911E+01  -0.1079087E+01  -0.6654774E-10   0.1308894E+01  -0.1553301E-10  -0.1359283E+00   0.1722450E-10  -0.1412018E+02  -0.9810597E+01  -0.3085665E-10  -0.2062789E+01   0.9788842E-10  -0.3087935E+01  -0.9342745E-10   0.7712084E-01  -0.1358485E-10
    -0.2441070E-01  -0.5384224E-01   0.3144046E-01   0.7381744E-12   0.4560122E+00   0.3234022E+00  -0.3109373E-11  -0.6570877E-01   0.2772128E-11  -0.6290517E+00   0.1129593E+01  -0.2788176E-10  -0.1176858E+01  -0.1702001E-10   0.5765979E+00  -0.7189106E-11   0.9145427E+01  -0.8873207E+01   0.1170301E-09  -0.6622335E+01  -0.1554831E-10   0.1197937E+01   0.6470656E-10  -0.1841236E+01  -0.3105880E-10
     0.7706458E-12  -0.5803654E-12   0.6107777E-12  -0.9762112E-01  -0.1950948E-10   0.4215372E-11   0.5551193E+00  -0.1471709E-10   0.8637270E-03   0.7844046E-10   0.2622450E-10   0.3186137E+01   0.2676303E-10  -0.1581544E+01   0.2212584E-10   0.6589596E+00  -0.2053796E-11  -0.1416323E-09  -0.1641725E+02   0.1031808E-09  -0.1069041E+02  -0.7693987E-10   0.1383594E+01   0.3015674E-10  -0.1911519E+01
    -0.1775402E-01  -0.6364130E-01   0.8302480E-01  -0.3571894E-12   0.2297474E+00   0.3490701E+00   0.2126179E-10   0.3230400E+00  -0.6689982E-11   0.1203306E+01  -0.1114518E+01  -0.7019785E-10   0.2329903E+01  -0.5277130E-10  -0.1657768E+01   0.1002031E-10  -0.5546418E+01   0.3968113E+01  -0.3555542E-11  -0.1005686E+02   0.2035045E-09  -0.1214125E+02  -0.8935982E-10   0.4116316E+01   0.1454779E-10
    -0.1027708E-11  -0.6168567E-11  -0.2913997E-11  -0.3383226E-01   0.1159780E-10  -0.4299564E-11   0.4572208E+00   0.1913467E-11   0.3929267E+00  -0.1599825E-10   0.2037889E-10  -0.1251955E+01   0.6140960E-10   0.1952941E+01   0.4882840E-11  -0.1660327E+01  -0.1327852E-10   0.3939285E-10   0.7420399E+01  -0.2362388E-09  -0.9222145E+01   0.3316737E-10  -0.1151404E+02  -0.2617642E-10   0.4247954E+01
    -0.3710268E-01   0.1271454E+00  -0.5728246E-01   0.6462927E-11  -0.1154843E+00   0.6929391E-01  -0.2067688E-10   0.6320468E+00   0.1108043E-10  -0.5887920E-01   0.6465261E+00   0.3786716E-10  -0.1619035E+01  -0.1407422E-10   0.2263578E+01  -0.8547911E-10   0.1558969E+01  -0.2887859E+01  -0.4681721E-12   0.4399105E+01  -0.6148094E-10  -0.5060521E+01   0.2280697E-09  -0.1784426E+02  -0.4663747E-11
    -0.2518238E-12  -0.2052142E-11  -0.4507953E-11  -0.1645714E+00  -0.8499643E-11   0.1019857E-10   0.2326535E+00  -0.1511258E-10   0.7300876E+00   0.3671597E-10  -0.5068362E-11   0.6645746E+00   0.3377860E-10  -0.1744866E+01   0.8793788E-10   0.2222629E+01  -0.4105188E-10  -0.3740861E-10  -0.3296047E+01   0.2173720E-10   0.4402785E+01  -0.2267234E-09  -0.4798513E+01  -0.8630070E-12  -0.1783974E+02
    -0.1808327E-01  -0.3601975E-01  -0.6104355E-02  -0.2310801E-11  -0.6060844E-01   0.8656377E-01   0.5538418E-11  -0.1405165E+00  -0.8829166E-11   0.3155410E+01  -0.1283666E+01   0.1511318E-09   0.6649142E+00  -0.2017813E-10   0.5709738E-01   0.5051810E-10   0.2015984E+02  -0.6330987E+01  -0.7574634E-09   0.7454075E+01  -0.8540724E-10  -0.5454772E+00  -0.1218608E-10  -0.5066368E+00  -0.6630936E-10
    -0.3305155E-01   0.8050658E-01  -0.5944181E-01  -0.2950505E-11  -0.1120498E+00   0.5528528E-01   0.2322851E-10   0.1003077E+00   0.3884599E-11   0.2204904E+01   0.2119925E+01  -0.3177110E-10  -0.1097339E+00   0.2521972E-10  -0.2948058E+00   0.3262185E-11  -0.9917628E+00   0.1526258E+02  -0.1721063E-09  -0.8530428E+01  -0.2086239E-09   0.3698161E+01  -0.1286434E-09   0.1112566E+01   0.1985213E-10
     0.2765390E-12   0.4924542E-11  -0.2546752E-12  -0.1116670E+00  -0.1567041E-10   0.7130946E-11  -0.1581312E+00   0.4744785E-11   0.1568580E+00  -0.1371010E-09   0.2338471E-10   0.3855794E+01  -0.1549372E-09  -0.4105617E+00   0.1857021E-10  -0.1722245E-01   0.7934351E-09   0.1787249E-09   0.2552242E+02   0.5251712E-09  -0.9322611E+01   0.1570131E-09   0.3920497E+01  -0.1259921E-09   0.6466646E+00
     0.2663431E-01  -0.1518944E+00   0.9071054E-01  -0.4383662E-11  -0.1642592E+00   0.1887045E+00   0.1580431E-10  -0.1388995E+00   0.6863353E-11   0.1587703E+01   0.2044632E+01   0.1372486E-09   0.2503978E+01  -0.4293574E-10   0.1219800E+00   0.6421874E-10   0.6855087E+01  -0.6192528E+01  -0.6818145E-09   0.1980823E+02  -0.3692574E-09  -0.1057325E+02  -0.1423414E-09   0.1641892E+01  -0.1523751E-09
     0.1904594E-11   0.7982837E-11  -0.1416337E-11  -0.1310492E-01  -0.4678491E-10  -0.1557148E-10   0.1474547E+00  -0.7523953E-11  -0.6895979E-01   0.9647622E-10  -0.1012881E-10   0.2254103E+01   0.3328430E-10   0.2147071E+01  -0.4909348E-10   0.2979294E+00  -0.1179223E-09   0.2048176E-09  -0.5321525E+01   0.4000194E-09   0.2027491E+02   0.1604222E-09  -0.1041458E+02   0.1277637E-09   0.1211320E+01
     0.4573112E-01  -0.1798999E+00  -0.3884876E-01  -0.1206211E-10   0.3335678E+00  -0.1582621E+00   0.5973113E-10   0.2918023E+00   0.1992969E-10  -0.1679807E+00   0.7573902E+00  -0.1733805E-09   0.2894046E+01   0.4348247E-10   0.1665787E+01  -0.2272700E-10   0.4710026E+00   0.3457155E+01   0.2830057E-09  -0.8486218E+01  -0.2002995E-09   0.2004567E+02  -0.6671387E-09  -0.1066169E+02   0.1798630E-10
     0.5147453E-12   0.1092064E-11   0.1211782E-11  -0.1194982E+00   0.4874170E-12  -0.2632680E-10  -0.3107331E+00  -0.9706379E-11   0.3710804E+00  -0.7987705E-10   0.7626745E-10   0.1252366E+01  -0.8537160E-10   0.2941433E+01   0.3235846E-10   0.1813869E+01   0.3432281E-09  -0.5819007E-10   0.3634425E+01   0.3153836E-09  -0.8881299E+01   0.6166354E-09   0.1923937E+02  -0.4178661E-10  -0.1109312E+02
