
# INDEX 000

C C
  0.000  0.0000000      0.0000000      0.0000000      0.0000000      0.0000000      0.0000000      0.0000000      0.0000000    
  0.000  5.0821544      0.0000000      0.0000000      0.0000000      3.2566896     -7.3281054      0.0000000      0.0000000    
  0.000  0.0000000      11.653354      1.8421970     -4.1798752      0.0000000      0.0000000      26.225948     -8.8084505    
  0.000  0.0000000      1.8421970      9.5650101     -.28421170      0.0000000      0.0000000      6.9688424     -12.156422    
  0.000  0.0000000     -4.1798752     -.28421170      4.8804187      0.0000000      0.0000000      7.4587409      6.0772930    
  0.000  3.2566896      0.0000000      0.0000000      0.0000000      55.091090      6.3036138      0.0000000      0.0000000    
  0.000 -7.3281054      0.0000000      0.0000000      0.0000000      6.3036138      51.148843      0.0000000      0.0000000    
  0.000  0.0000000      26.225948      6.9688424      7.4587409      0.0000000      0.0000000      41.570685     -.21474051    
  0.000  0.0000000     -8.8084505     -12.156422      6.0772930      0.0000000      0.0000000     -.21474051      50.510830    

O O
  0.000  0.0000000      0.0000000      0.0000000      0.0000000      0.0000000      0.0000000      0.0000000      0.0000000    
  0.000  4.0821016      0.0000000      0.0000000      0.0000000      1.8287686      2.3804521      0.0000000      0.0000000    
  0.000  0.0000000      6.3172111     0.12987524E-01 -1.7370156      0.0000000      0.0000000     -.89001015     0.68600277    
  0.000  0.0000000     0.12987524E-01  4.4368630     -.69379154E-01  0.0000000      0.0000000     0.65015300      5.6352898    
  0.000  0.0000000     -1.7370156     -.69379154E-01  13.190530      0.0000000      0.0000000      2.2926578     0.99085620    
  0.000  1.8287686      0.0000000      0.0000000      0.0000000      31.980775     -3.9500518      0.0000000      0.0000000    
  0.000  2.3804521      0.0000000      0.0000000      0.0000000     -3.9500518      15.678782      0.0000000      0.0000000    
  0.000  0.0000000     -.89001015     0.65015300      2.2926578      0.0000000      0.0000000      25.767806     -10.853910    
  0.000  0.0000000     0.68600277      5.6352898     0.99085620      0.0000000      0.0000000     -10.853910      8.9380599    

H1 H1
  0.000  0.0000000      0.0000000      0.0000000      0.0000000      0.0000000      0.0000000      0.0000000      0.0000000    
  0.000  2.1272278      0.0000000      0.0000000      0.0000000      0.0000000      0.0000000      0.0000000      0.0000000    
  0.000  0.0000000      3.2383152     0.58492602      0.0000000      0.0000000      0.0000000      0.0000000      0.0000000    
  0.000  0.0000000     0.58492602      3.0437930      0.0000000      0.0000000      0.0000000      0.0000000      0.0000000    
  0.000  0.0000000      0.0000000      0.0000000      0.0000000      0.0000000      0.0000000      0.0000000      0.0000000    
  0.000  0.0000000      0.0000000      0.0000000      0.0000000      0.0000000      0.0000000      0.0000000      0.0000000    
  0.000  0.0000000      0.0000000      0.0000000      0.0000000      0.0000000      0.0000000      0.0000000      0.0000000    
  0.000  0.0000000      0.0000000      0.0000000      0.0000000      0.0000000      0.0000000      0.0000000      0.0000000    
  0.000  0.0000000      0.0000000      0.0000000      0.0000000      0.0000000      0.0000000      0.0000000      0.0000000    

N N
  0.000  0.0000000      0.0000000      0.0000000      0.0000000      0.0000000      0.0000000      0.0000000      0.0000000    
  0.000  5.4281298      0.0000000      0.0000000      0.0000000     -2.3172295      3.1516832      0.0000000      0.0000000    
  0.000  0.0000000      8.4368569      1.3697882     0.55843871      0.0000000      0.0000000     -7.6195002      8.6114347    
  0.000  0.0000000      1.3697882      8.7321219     -2.9391035      0.0000000      0.0000000     -.60680323      10.538111    
  0.000  0.0000000     0.55843871     -2.9391035      31.311595      0.0000000      0.0000000     -.83729383      5.3262213    
  0.000 -2.3172295      0.0000000      0.0000000      0.0000000      40.082981      8.4818476      0.0000000      0.0000000    
  0.000  3.1516832      0.0000000      0.0000000      0.0000000      8.4818476      52.284542      0.0000000      0.0000000    
  0.000  0.0000000     -7.6195002     -.60680323     -.83729383      0.0000000      0.0000000      42.574233     -12.590309    
  0.000  0.0000000      8.6114347      10.538111      5.3262213      0.0000000      0.0000000     -12.590309      23.138811    

H2 H2
  0.000  0.0000000      0.0000000      0.0000000      0.0000000      0.0000000      0.0000000      0.0000000      0.0000000    
  0.000  1.2429568      0.0000000      0.0000000      0.0000000      0.0000000      0.0000000      0.0000000      0.0000000    
  0.000  0.0000000      1.4183722     0.46700535      0.0000000      0.0000000      0.0000000      0.0000000      0.0000000    
  0.000  0.0000000     0.46700535      1.9146973      0.0000000      0.0000000      0.0000000      0.0000000      0.0000000    
  0.000  0.0000000      0.0000000      0.0000000      0.0000000      0.0000000      0.0000000      0.0000000      0.0000000    
  0.000  0.0000000      0.0000000      0.0000000      0.0000000      0.0000000      0.0000000      0.0000000      0.0000000    
  0.000  0.0000000      0.0000000      0.0000000      0.0000000      0.0000000      0.0000000      0.0000000      0.0000000    
  0.000  0.0000000      0.0000000      0.0000000      0.0000000      0.0000000      0.0000000      0.0000000      0.0000000    
  0.000  0.0000000      0.0000000      0.0000000      0.0000000      0.0000000      0.0000000      0.0000000      0.0000000    

H3 H3
  0.000  0.0000000      0.0000000      0.0000000      0.0000000      0.0000000      0.0000000      0.0000000      0.0000000    
  0.000  1.4687998      0.0000000      0.0000000      0.0000000      0.0000000      0.0000000      0.0000000      0.0000000    
  0.000  0.0000000      1.9981943     -.29292801      0.0000000      0.0000000      0.0000000      0.0000000      0.0000000    
  0.000  0.0000000     -.29292801      1.6641297      0.0000000      0.0000000      0.0000000      0.0000000      0.0000000    
  0.000  0.0000000      0.0000000      0.0000000      0.0000000      0.0000000      0.0000000      0.0000000      0.0000000    
  0.000  0.0000000      0.0000000      0.0000000      0.0000000      0.0000000      0.0000000      0.0000000      0.0000000    
  0.000  0.0000000      0.0000000      0.0000000      0.0000000      0.0000000      0.0000000      0.0000000      0.0000000    
  0.000  0.0000000      0.0000000      0.0000000      0.0000000      0.0000000      0.0000000      0.0000000      0.0000000    
  0.000  0.0000000      0.0000000      0.0000000      0.0000000      0.0000000      0.0000000      0.0000000      0.0000000    

# INDEX 001

C C
  0.000  0.0000000      0.0000000      0.0000000      0.0000000      0.0000000      0.0000000      0.0000000      0.0000000    
  0.000  5.0814263      0.0000000      0.0000000      0.0000000      3.2573908     -7.3264352      0.0000000      0.0000000    
  0.000  0.0000000      11.650483      1.8414081     -4.1798712      0.0000000      0.0000000      26.217315     -8.8060518    
  0.000  0.0000000      1.8414081      9.5628032     -.28345161      0.0000000      0.0000000      6.9646169     -12.151013    
  0.000  0.0000000     -4.1798712     -.28345161      4.8885792      0.0000000      0.0000000      7.4571949      6.0751070    
  0.000  3.2573908      0.0000000      0.0000000      0.0000000      55.072345      6.3010437      0.0000000      0.0000000    
  0.000 -7.3264352      0.0000000      0.0000000      0.0000000      6.3010437      51.132179      0.0000000      0.0000000    
  0.000  0.0000000      26.217315      6.9646169      7.4571949      0.0000000      0.0000000      41.555402     -.20657066    
  0.000  0.0000000     -8.8060518     -12.151013      6.0751070      0.0000000      0.0000000     -.20657066      50.493955    

O O
  0.000  0.0000000      0.0000000      0.0000000      0.0000000      0.0000000      0.0000000      0.0000000      0.0000000    
  0.000  4.0816188      0.0000000      0.0000000      0.0000000      1.8285901      2.3798682      0.0000000      0.0000000    
  0.000  0.0000000      6.3157690     0.12896415E-01 -1.7370357      0.0000000      0.0000000     -.88814343     0.68639209    
  0.000  0.0000000     0.12896415E-01  4.4361438     -.69998760E-01  0.0000000      0.0000000     0.64964544      5.6337795    
  0.000  0.0000000     -1.7370357     -.69998760E-01  13.188845      0.0000000      0.0000000      2.2905074     0.99300419    
  0.000  1.8285901      0.0000000      0.0000000      0.0000000      31.975286     -3.9485232      0.0000000      0.0000000    
  0.000  2.3798682      0.0000000      0.0000000      0.0000000     -3.9485232      15.674955      0.0000000      0.0000000    
  0.000  0.0000000     -.88814343     0.64964544      2.2905074      0.0000000      0.0000000      25.760961     -10.850836    
  0.000  0.0000000     0.68639209      5.6337795     0.99300419      0.0000000      0.0000000     -10.850836      8.9392594    

H1 H1
  0.000  0.0000000      0.0000000      0.0000000      0.0000000      0.0000000      0.0000000      0.0000000      0.0000000    
  0.000  2.1268867      0.0000000      0.0000000      0.0000000      0.0000000      0.0000000      0.0000000      0.0000000    
  0.000  0.0000000      3.2374502     0.58472558      0.0000000      0.0000000      0.0000000      0.0000000      0.0000000    
  0.000  0.0000000     0.58472558      3.0431680      0.0000000      0.0000000      0.0000000      0.0000000      0.0000000    
  0.000  0.0000000      0.0000000      0.0000000      0.0000000      0.0000000      0.0000000      0.0000000      0.0000000    
  0.000  0.0000000      0.0000000      0.0000000      0.0000000      0.0000000      0.0000000      0.0000000      0.0000000    
  0.000  0.0000000      0.0000000      0.0000000      0.0000000      0.0000000      0.0000000      0.0000000      0.0000000    
  0.000  0.0000000      0.0000000      0.0000000      0.0000000      0.0000000      0.0000000      0.0000000      0.0000000    
  0.000  0.0000000      0.0000000      0.0000000      0.0000000      0.0000000      0.0000000      0.0000000      0.0000000    

N N
  0.000  0.0000000      0.0000000      0.0000000      0.0000000      0.0000000      0.0000000      0.0000000      0.0000000    
  0.000  5.4270466      0.0000000      0.0000000      0.0000000     -2.3158549      3.1519082      0.0000000      0.0000000    
  0.000  0.0000000      8.4350068      1.3690035     0.55996224      0.0000000      0.0000000     -7.6190063      8.6081328    
  0.000  0.0000000      1.3690035      8.7300378     -2.9372560      0.0000000      0.0000000     -.60595385      10.534568    
  0.000  0.0000000     0.55996224     -2.9372560      31.304223      0.0000000      0.0000000     -.83649156      5.3263071    
  0.000 -2.3158549      0.0000000      0.0000000      0.0000000      40.073087      8.4791101      0.0000000      0.0000000    
  0.000  3.1519082      0.0000000      0.0000000      0.0000000      8.4791101      52.270575      0.0000000      0.0000000    
  0.000  0.0000000     -7.6190063     -.60595385     -.83649156      0.0000000      0.0000000      42.565839     -12.584768    
  0.000  0.0000000      8.6081328      10.534568      5.3263071      0.0000000      0.0000000     -12.584768      23.134415    

H2 H2
  0.000  0.0000000      0.0000000      0.0000000      0.0000000      0.0000000      0.0000000      0.0000000      0.0000000    
  0.000  1.2428411      0.0000000      0.0000000      0.0000000      0.0000000      0.0000000      0.0000000      0.0000000    
  0.000  0.0000000      1.4180534     0.46686342      0.0000000      0.0000000      0.0000000      0.0000000      0.0000000    
  0.000  0.0000000     0.46686342      1.9143713      0.0000000      0.0000000      0.0000000      0.0000000      0.0000000    
  0.000  0.0000000      0.0000000      0.0000000      0.0000000      0.0000000      0.0000000      0.0000000      0.0000000    
  0.000  0.0000000      0.0000000      0.0000000      0.0000000      0.0000000      0.0000000      0.0000000      0.0000000    
  0.000  0.0000000      0.0000000      0.0000000      0.0000000      0.0000000      0.0000000      0.0000000      0.0000000    
  0.000  0.0000000      0.0000000      0.0000000      0.0000000      0.0000000      0.0000000      0.0000000      0.0000000    
  0.000  0.0000000      0.0000000      0.0000000      0.0000000      0.0000000      0.0000000      0.0000000      0.0000000    

H3 H3
  0.000  0.0000000      0.0000000      0.0000000      0.0000000      0.0000000      0.0000000      0.0000000      0.0000000    
  0.000  1.4686325      0.0000000      0.0000000      0.0000000      0.0000000      0.0000000      0.0000000      0.0000000    
  0.000  0.0000000      1.9978040     -.29287942      0.0000000      0.0000000      0.0000000      0.0000000      0.0000000    
  0.000  0.0000000     -.29287942      1.6638744      0.0000000      0.0000000      0.0000000      0.0000000      0.0000000    
  0.000  0.0000000      0.0000000      0.0000000      0.0000000      0.0000000      0.0000000      0.0000000      0.0000000    
  0.000  0.0000000      0.0000000      0.0000000      0.0000000      0.0000000      0.0000000      0.0000000      0.0000000    
  0.000  0.0000000      0.0000000      0.0000000      0.0000000      0.0000000      0.0000000      0.0000000      0.0000000    
  0.000  0.0000000      0.0000000      0.0000000      0.0000000      0.0000000      0.0000000      0.0000000      0.0000000    
  0.000  0.0000000      0.0000000      0.0000000      0.0000000      0.0000000      0.0000000      0.0000000      0.0000000    

# INDEX 002

C C
  0.000  0.0000000      0.0000000      0.0000000      0.0000000      0.0000000      0.0000000      0.0000000      0.0000000    
  0.000  5.0605166      0.0000000      0.0000000      0.0000000      3.2769990     -7.2786033      0.0000000      0.0000000    
  0.000  0.0000000      11.568373      1.8189059     -4.1795155      0.0000000      0.0000000      25.970756     -8.7373587    
  0.000  0.0000000      1.8189059      9.4996576     -.26192650      0.0000000      0.0000000      6.8442300     -11.996485    
  0.000  0.0000000     -4.1795155     -.26192650      5.1200660      0.0000000      0.0000000      7.4124691      6.0126878    
  0.000  3.2769990      0.0000000      0.0000000      0.0000000      54.538206      6.2272200      0.0000000      0.0000000    
  0.000 -7.2786033      0.0000000      0.0000000      0.0000000      6.2272200      50.658150      0.0000000      0.0000000    
  0.000  0.0000000      25.970756      6.8442300      7.4124691      0.0000000      0.0000000      41.119491     0.24245882E-01
  0.000  0.0000000     -8.7373587     -11.996485      6.0126878      0.0000000      0.0000000     0.24245882E-01  50.012984    

O O
  0.000  0.0000000      0.0000000      0.0000000      0.0000000      0.0000000      0.0000000      0.0000000      0.0000000    
  0.000  4.0677244      0.0000000      0.0000000      0.0000000      1.8234635      2.3632213      0.0000000      0.0000000    
  0.000  0.0000000      6.2744722     0.10306992E-01 -1.7376274      0.0000000      0.0000000     -.83498020     0.69744121    
  0.000  0.0000000     0.10306992E-01  4.4155152     -.87538704E-01  0.0000000      0.0000000     0.63526023      5.5906484    
  0.000  0.0000000     -1.7376274     -.87538704E-01  13.140361      0.0000000      0.0000000      2.2293449      1.0537143    
  0.000  1.8234635      0.0000000      0.0000000      0.0000000      31.817867     -3.9054210      0.0000000      0.0000000    
  0.000  2.3632213      0.0000000      0.0000000      0.0000000     -3.9054210      15.566120      0.0000000      0.0000000    
  0.000  0.0000000     -.83498020     0.63526023      2.2293449      0.0000000      0.0000000      25.565496     -10.762909    
  0.000  0.0000000     0.69744121      5.5906484      1.0537143      0.0000000      0.0000000     -10.762909      8.9731477    

H1 H1
  0.000  0.0000000      0.0000000      0.0000000      0.0000000      0.0000000      0.0000000      0.0000000      0.0000000    
  0.000  2.1171281      0.0000000      0.0000000      0.0000000      0.0000000      0.0000000      0.0000000      0.0000000    
  0.000  0.0000000      3.2127245     0.57901030      0.0000000      0.0000000      0.0000000      0.0000000      0.0000000    
  0.000  0.0000000     0.57901030      3.0252652      0.0000000      0.0000000      0.0000000      0.0000000      0.0000000    
  0.000  0.0000000      0.0000000      0.0000000      0.0000000      0.0000000      0.0000000      0.0000000      0.0000000    
  0.000  0.0000000      0.0000000      0.0000000      0.0000000      0.0000000      0.0000000      0.0000000      0.0000000    
  0.000  0.0000000      0.0000000      0.0000000      0.0000000      0.0000000      0.0000000      0.0000000      0.0000000    
  0.000  0.0000000      0.0000000      0.0000000      0.0000000      0.0000000      0.0000000      0.0000000      0.0000000    
  0.000  0.0000000      0.0000000      0.0000000      0.0000000      0.0000000      0.0000000      0.0000000      0.0000000    

N N
  0.000  0.0000000      0.0000000      0.0000000      0.0000000      0.0000000      0.0000000      0.0000000      0.0000000    
  0.000  5.3959903      0.0000000      0.0000000      0.0000000     -2.2767228      3.1580050      0.0000000      0.0000000    
  0.000  0.0000000      8.3820140      1.3466503     0.60325387      0.0000000      0.0000000     -7.6045306      8.5138489    
  0.000  0.0000000      1.3466503      8.6704124     -2.8845903      0.0000000      0.0000000     -.58166244      10.433284    
  0.000  0.0000000     0.60325387     -2.8845903      31.093436      0.0000000      0.0000000     -.81385624      5.3282837    
  0.000 -2.2767228      0.0000000      0.0000000      0.0000000      39.790008      8.4013600      0.0000000      0.0000000    
  0.000  3.1580050      0.0000000      0.0000000      0.0000000      8.4013600      51.872040      0.0000000      0.0000000    
  0.000  0.0000000     -7.6045306     -.58166244     -.81385624      0.0000000      0.0000000      42.324000     -12.426801    
  0.000  0.0000000      8.5138489      10.433284      5.3282837      0.0000000      0.0000000     -12.426801      23.007462    

H2 H2
  0.000  0.0000000      0.0000000      0.0000000      0.0000000      0.0000000      0.0000000      0.0000000      0.0000000    
  0.000  1.2395271      0.0000000      0.0000000      0.0000000      0.0000000      0.0000000      0.0000000      0.0000000    
  0.000  0.0000000      1.4089462     0.46279989      0.0000000      0.0000000      0.0000000      0.0000000      0.0000000    
  0.000  0.0000000     0.46279989      1.9050316      0.0000000      0.0000000      0.0000000      0.0000000      0.0000000    
  0.000  0.0000000      0.0000000      0.0000000      0.0000000      0.0000000      0.0000000      0.0000000      0.0000000    
  0.000  0.0000000      0.0000000      0.0000000      0.0000000      0.0000000      0.0000000      0.0000000      0.0000000    
  0.000  0.0000000      0.0000000      0.0000000      0.0000000      0.0000000      0.0000000      0.0000000      0.0000000    
  0.000  0.0000000      0.0000000      0.0000000      0.0000000      0.0000000      0.0000000      0.0000000      0.0000000    
  0.000  0.0000000      0.0000000      0.0000000      0.0000000      0.0000000      0.0000000      0.0000000      0.0000000    

H3 H3
  0.000  0.0000000      0.0000000      0.0000000      0.0000000      0.0000000      0.0000000      0.0000000      0.0000000    
  0.000  1.4638230      0.0000000      0.0000000      0.0000000      0.0000000      0.0000000      0.0000000      0.0000000    
  0.000  0.0000000      1.9866309     -.29149766      0.0000000      0.0000000      0.0000000      0.0000000      0.0000000    
  0.000  0.0000000     -.29149766      1.6565367      0.0000000      0.0000000      0.0000000      0.0000000      0.0000000    
  0.000  0.0000000      0.0000000      0.0000000      0.0000000      0.0000000      0.0000000      0.0000000      0.0000000    
  0.000  0.0000000      0.0000000      0.0000000      0.0000000      0.0000000      0.0000000      0.0000000      0.0000000    
  0.000  0.0000000      0.0000000      0.0000000      0.0000000      0.0000000      0.0000000      0.0000000      0.0000000    
  0.000  0.0000000      0.0000000      0.0000000      0.0000000      0.0000000      0.0000000      0.0000000      0.0000000    
  0.000  0.0000000      0.0000000      0.0000000      0.0000000      0.0000000      0.0000000      0.0000000      0.0000000    

# INDEX 003

C C
  0.000  0.0000000      0.0000000      0.0000000      0.0000000      0.0000000      0.0000000      0.0000000      0.0000000    
  0.000  4.9384580      0.0000000      0.0000000      0.0000000      3.3724557     -7.0042080      0.0000000      0.0000000    
  0.000  0.0000000      11.100938      1.6931819     -4.1685003      0.0000000      0.0000000      24.581776     -8.3443682    
  0.000  0.0000000      1.6931819      9.1394661     -.14764568      0.0000000      0.0000000      6.1772434     -11.124567    
  0.000  0.0000000     -4.1685003     -.14764568      6.3670914      0.0000000      0.0000000      7.1396194      5.6607399    
  0.000  3.3724557      0.0000000      0.0000000      0.0000000      51.568167      5.8009663      0.0000000      0.0000000    
  0.000 -7.0042080      0.0000000      0.0000000      0.0000000      5.8009663      48.044343      0.0000000      0.0000000    
  0.000  0.0000000      24.581776      6.1772434      7.1396194      0.0000000      0.0000000      38.685636      1.2339031    
  0.000  0.0000000     -8.3443682     -11.124567      5.6607399      0.0000000      0.0000000      1.2339031      47.338691    

O O
  0.000  0.0000000      0.0000000      0.0000000      0.0000000      0.0000000      0.0000000      0.0000000      0.0000000    
  0.000  3.9854277      0.0000000      0.0000000      0.0000000      1.7937026      2.2699686      0.0000000      0.0000000    
  0.000  0.0000000      6.0377069     -.38256338E-02 -1.7413349      0.0000000      0.0000000     -.54127075     0.75706188    
  0.000  0.0000000     -.38256338E-02  4.2958284     -.18056570      0.0000000      0.0000000     0.55823847      5.3478778    
  0.000  0.0000000     -1.7413349     -.18056570      12.853203      0.0000000      0.0000000      1.8934783      1.3723019    
  0.000  1.7937026      0.0000000      0.0000000      0.0000000      30.904897     -3.6799388      0.0000000      0.0000000    
  0.000  2.2699686      0.0000000      0.0000000      0.0000000     -3.6799388      14.967796      0.0000000      0.0000000    
  0.000  0.0000000     -.54127075     0.55823847      1.8934783      0.0000000      0.0000000      24.465185     -10.262869    
  0.000  0.0000000     0.75706188      5.3478778      1.3723019      0.0000000      0.0000000     -10.262869      9.1492000    

H1 H1
  0.000  0.0000000      0.0000000      0.0000000      0.0000000      0.0000000      0.0000000      0.0000000      0.0000000    
  0.000  2.0613687      0.0000000      0.0000000      0.0000000      0.0000000      0.0000000      0.0000000      0.0000000    
  0.000  0.0000000      3.0725217     0.54715830      0.0000000      0.0000000      0.0000000      0.0000000      0.0000000    
  0.000  0.0000000     0.54715830      2.9225182      0.0000000      0.0000000      0.0000000      0.0000000      0.0000000    
  0.000  0.0000000      0.0000000      0.0000000      0.0000000      0.0000000      0.0000000      0.0000000      0.0000000    
  0.000  0.0000000      0.0000000      0.0000000      0.0000000      0.0000000      0.0000000      0.0000000      0.0000000    
  0.000  0.0000000      0.0000000      0.0000000      0.0000000      0.0000000      0.0000000      0.0000000      0.0000000    
  0.000  0.0000000      0.0000000      0.0000000      0.0000000      0.0000000      0.0000000      0.0000000      0.0000000    
  0.000  0.0000000      0.0000000      0.0000000      0.0000000      0.0000000      0.0000000      0.0000000      0.0000000    

N N
  0.000  0.0000000      0.0000000      0.0000000      0.0000000      0.0000000      0.0000000      0.0000000      0.0000000    
  0.000  5.2164668      0.0000000      0.0000000      0.0000000     -2.0607095      3.1799994      0.0000000      0.0000000    
  0.000  0.0000000      8.0776612      1.2228246     0.83872982      0.0000000      0.0000000     -7.5093228      7.9835485    
  0.000  0.0000000      1.2228246      8.3306492     -2.5918085      0.0000000      0.0000000     -.44388493      9.8591617    
  0.000  0.0000000     0.83872982     -2.5918085      29.896747      0.0000000      0.0000000     -.69534236      5.3208499    
  0.000 -2.0607095      0.0000000      0.0000000      0.0000000      38.174486      7.9771542      0.0000000      0.0000000    
  0.000  3.1799994      0.0000000      0.0000000      0.0000000      7.9771542      49.633878      0.0000000      0.0000000    
  0.000  0.0000000     -7.5093228     -.44388493     -.69534236      0.0000000      0.0000000      40.885903     -11.546640    
  0.000  0.0000000      7.9835485      9.8591617      5.3208499      0.0000000      0.0000000     -11.546640      22.242546    

H2 H2
  0.000  0.0000000      0.0000000      0.0000000      0.0000000      0.0000000      0.0000000      0.0000000      0.0000000    
  0.000  1.2204933      0.0000000      0.0000000      0.0000000      0.0000000      0.0000000      0.0000000      0.0000000    
  0.000  0.0000000      1.3574610     0.43954738      0.0000000      0.0000000      0.0000000      0.0000000      0.0000000    
  0.000  0.0000000     0.43954738      1.8512931      0.0000000      0.0000000      0.0000000      0.0000000      0.0000000    
  0.000  0.0000000      0.0000000      0.0000000      0.0000000      0.0000000      0.0000000      0.0000000      0.0000000    
  0.000  0.0000000      0.0000000      0.0000000      0.0000000      0.0000000      0.0000000      0.0000000      0.0000000    
  0.000  0.0000000      0.0000000      0.0000000      0.0000000      0.0000000      0.0000000      0.0000000      0.0000000    
  0.000  0.0000000      0.0000000      0.0000000      0.0000000      0.0000000      0.0000000      0.0000000      0.0000000    
  0.000  0.0000000      0.0000000      0.0000000      0.0000000      0.0000000      0.0000000      0.0000000      0.0000000    

H3 H3
  0.000  0.0000000      0.0000000      0.0000000      0.0000000      0.0000000      0.0000000      0.0000000      0.0000000    
  0.000  1.4355166      0.0000000      0.0000000      0.0000000      0.0000000      0.0000000      0.0000000      0.0000000    
  0.000  0.0000000      1.9226982     -.28392740      0.0000000      0.0000000      0.0000000      0.0000000      0.0000000    
  0.000  0.0000000     -.28392740      1.6135372      0.0000000      0.0000000      0.0000000      0.0000000      0.0000000    
  0.000  0.0000000      0.0000000      0.0000000      0.0000000      0.0000000      0.0000000      0.0000000      0.0000000    
  0.000  0.0000000      0.0000000      0.0000000      0.0000000      0.0000000      0.0000000      0.0000000      0.0000000    
  0.000  0.0000000      0.0000000      0.0000000      0.0000000      0.0000000      0.0000000      0.0000000      0.0000000    
  0.000  0.0000000      0.0000000      0.0000000      0.0000000      0.0000000      0.0000000      0.0000000      0.0000000    
  0.000  0.0000000      0.0000000      0.0000000      0.0000000      0.0000000      0.0000000      0.0000000      0.0000000    

# INDEX 004

C C
  0.000  0.0000000      0.0000000      0.0000000      0.0000000      0.0000000      0.0000000      0.0000000      0.0000000    
  0.000  4.5528655      0.0000000      0.0000000      0.0000000      3.5057265     -6.1830339      0.0000000      0.0000000    
  0.000  0.0000000      9.7444012      1.3538219     -4.0482967      0.0000000      0.0000000      20.705127     -7.2064687    
  0.000  0.0000000      1.3538219      8.0864638     0.10375893      0.0000000      0.0000000      4.4433334     -8.6853281    
  0.000  0.0000000     -4.0482967     0.10375893      9.3215362      0.0000000      0.0000000      6.1819444      4.6516006    
  0.000  3.5057265      0.0000000      0.0000000      0.0000000      43.517272      4.6142038      0.0000000      0.0000000    
  0.000 -6.1830339      0.0000000      0.0000000      0.0000000      4.6142038      40.981317      0.0000000      0.0000000    
  0.000  0.0000000      20.705127      4.4433334      6.1819444      0.0000000      0.0000000      32.144916      3.7825426    
  0.000  0.0000000     -7.2064687     -8.6853281      4.6516006      0.0000000      0.0000000      3.7825426      40.179876    

O O
  0.000  0.0000000      0.0000000      0.0000000      0.0000000      0.0000000      0.0000000      0.0000000      0.0000000    
  0.000  3.7133876      0.0000000      0.0000000      0.0000000      1.7046898      2.0011103      0.0000000      0.0000000    
  0.000  0.0000000      5.3339823     -.39247396E-01 -1.7476087      0.0000000      0.0000000     0.21573812     0.89555151    
  0.000  0.0000000     -.39247396E-01  3.9245520     -.38460617      0.0000000      0.0000000     0.37999599      4.6725243    
  0.000  0.0000000     -1.7476087     -.38460617      11.911593      0.0000000      0.0000000      1.0291582      2.0384154    
  0.000  1.7046898      0.0000000      0.0000000      0.0000000      28.058865     -3.1389278      0.0000000      0.0000000    
  0.000  2.0011103      0.0000000      0.0000000      0.0000000     -3.1389278      13.362841      0.0000000      0.0000000    
  0.000  0.0000000     0.21573812     0.37999599      1.0291582      0.0000000      0.0000000      21.392664     -8.8208599    
  0.000  0.0000000     0.89555151      4.6725243      2.0384154      0.0000000      0.0000000     -8.8208599      9.4678392    

H1 H1
  0.000  0.0000000      0.0000000      0.0000000      0.0000000      0.0000000      0.0000000      0.0000000      0.0000000    
  0.000  1.8927342      0.0000000      0.0000000      0.0000000      0.0000000      0.0000000      0.0000000      0.0000000    
  0.000  0.0000000      2.6692076     0.46084201      0.0000000      0.0000000      0.0000000      0.0000000      0.0000000    
  0.000  0.0000000     0.46084201      2.6152455      0.0000000      0.0000000      0.0000000      0.0000000      0.0000000    
  0.000  0.0000000      0.0000000      0.0000000      0.0000000      0.0000000      0.0000000      0.0000000      0.0000000    
  0.000  0.0000000      0.0000000      0.0000000      0.0000000      0.0000000      0.0000000      0.0000000      0.0000000    
  0.000  0.0000000      0.0000000      0.0000000      0.0000000      0.0000000      0.0000000      0.0000000      0.0000000    
  0.000  0.0000000      0.0000000      0.0000000      0.0000000      0.0000000      0.0000000      0.0000000      0.0000000    
  0.000  0.0000000      0.0000000      0.0000000      0.0000000      0.0000000      0.0000000      0.0000000      0.0000000    

N N
  0.000  0.0000000      0.0000000      0.0000000      0.0000000      0.0000000      0.0000000      0.0000000      0.0000000    
  0.000  4.6674345      0.0000000      0.0000000      0.0000000     -1.4979808      3.1206424      0.0000000      0.0000000    
  0.000  0.0000000      7.1683832     0.89969912      1.4012341      0.0000000      0.0000000     -7.1018879      6.5197101    
  0.000  0.0000000     0.89969912      7.3407594     -1.8228973      0.0000000      0.0000000     -.57757226E-01  8.2257074    
  0.000  0.0000000      1.4012341     -1.8228973      26.478757      0.0000000      0.0000000     -.41928470      5.0913889    
  0.000 -1.4979808      0.0000000      0.0000000      0.0000000      33.427574      6.8722975      0.0000000      0.0000000    
  0.000  3.1206424      0.0000000      0.0000000      0.0000000      6.8722975      43.306556      0.0000000      0.0000000    
  0.000  0.0000000     -7.1018879     -.57757226E-01 -.41928470      0.0000000      0.0000000      36.221171     -9.1726466    
  0.000  0.0000000      6.5197101      8.2257074      5.0913889      0.0000000      0.0000000     -9.1726466      19.709217    

H2 H2
  0.000  0.0000000      0.0000000      0.0000000      0.0000000      0.0000000      0.0000000      0.0000000      0.0000000    
  0.000  1.1617119      0.0000000      0.0000000      0.0000000      0.0000000      0.0000000      0.0000000      0.0000000    
  0.000  0.0000000      1.2099693     0.37156756      0.0000000      0.0000000      0.0000000      0.0000000      0.0000000    
  0.000  0.0000000     0.37156756      1.6886553      0.0000000      0.0000000      0.0000000      0.0000000      0.0000000    
  0.000  0.0000000      0.0000000      0.0000000      0.0000000      0.0000000      0.0000000      0.0000000      0.0000000    
  0.000  0.0000000      0.0000000      0.0000000      0.0000000      0.0000000      0.0000000      0.0000000      0.0000000    
  0.000  0.0000000      0.0000000      0.0000000      0.0000000      0.0000000      0.0000000      0.0000000      0.0000000    
  0.000  0.0000000      0.0000000      0.0000000      0.0000000      0.0000000      0.0000000      0.0000000      0.0000000    
  0.000  0.0000000      0.0000000      0.0000000      0.0000000      0.0000000      0.0000000      0.0000000      0.0000000    

H3 H3
  0.000  0.0000000      0.0000000      0.0000000      0.0000000      0.0000000      0.0000000      0.0000000      0.0000000    
  0.000  1.3434675      0.0000000      0.0000000      0.0000000      0.0000000      0.0000000      0.0000000      0.0000000    
  0.000  0.0000000      1.7323056     -.26445560      0.0000000      0.0000000      0.0000000      0.0000000      0.0000000    
  0.000  0.0000000     -.26445560      1.4763162      0.0000000      0.0000000      0.0000000      0.0000000      0.0000000    
  0.000  0.0000000      0.0000000      0.0000000      0.0000000      0.0000000      0.0000000      0.0000000      0.0000000    
  0.000  0.0000000      0.0000000      0.0000000      0.0000000      0.0000000      0.0000000      0.0000000      0.0000000    
  0.000  0.0000000      0.0000000      0.0000000      0.0000000      0.0000000      0.0000000      0.0000000      0.0000000    
  0.000  0.0000000      0.0000000      0.0000000      0.0000000      0.0000000      0.0000000      0.0000000      0.0000000    
  0.000  0.0000000      0.0000000      0.0000000      0.0000000      0.0000000      0.0000000      0.0000000      0.0000000    

# INDEX 005

C C
  0.000  0.0000000      0.0000000      0.0000000      0.0000000      0.0000000      0.0000000      0.0000000      0.0000000    
  0.000  3.7581420      0.0000000      0.0000000      0.0000000      3.2794535     -4.6641518      0.0000000      0.0000000    
  0.000  0.0000000      7.3757565     0.86489420     -3.5295162      0.0000000      0.0000000      14.552124     -5.3302089    
  0.000  0.0000000     0.86489420      6.2139496     0.28970589      0.0000000      0.0000000      2.2566361     -4.8961850    
  0.000  0.0000000     -3.5295162     0.28970589      12.226010      0.0000000      0.0000000      4.0807168      2.8626463    
  0.000  3.2794535      0.0000000      0.0000000      0.0000000      31.001347      3.0109487      0.0000000      0.0000000    
  0.000 -4.6641518      0.0000000      0.0000000      0.0000000      3.0109487      29.393090      0.0000000      0.0000000    
  0.000  0.0000000      14.552124      2.2566361      4.0807168      0.0000000      0.0000000      22.832850      5.2898492    
  0.000  0.0000000     -5.3302089     -4.8961850      2.8626463      0.0000000      0.0000000      5.2898492      29.678700    

O O
  0.000  0.0000000      0.0000000      0.0000000      0.0000000      0.0000000      0.0000000      0.0000000      0.0000000    
  0.000  3.1038072      0.0000000      0.0000000      0.0000000      1.5421729      1.5006089      0.0000000      0.0000000    
  0.000  0.0000000      4.0464527     -.83510666E-01 -1.6799624      0.0000000      0.0000000      1.1272658     0.99681934    
  0.000  0.0000000     -.83510666E-01  3.1750590     -.52431401      0.0000000      0.0000000     0.20506803      3.6029854    
  0.000  0.0000000     -1.6799624     -.52431401      9.8894960      0.0000000      0.0000000     -.15907934      2.3485685    
  0.000  1.5421729      0.0000000      0.0000000      0.0000000      22.272168     -2.3001702      0.0000000      0.0000000    
  0.000  1.5006089      0.0000000      0.0000000      0.0000000     -2.3001702      10.701799      0.0000000      0.0000000    
  0.000  0.0000000      1.1272658     0.20506803     -.15907934      0.0000000      0.0000000      16.433943     -6.3529519    
  0.000  0.0000000     0.99681934      3.6029854      2.3485685      0.0000000      0.0000000     -6.3529519      9.1557038    

H1 H1
  0.000  0.0000000      0.0000000      0.0000000      0.0000000      0.0000000      0.0000000      0.0000000      0.0000000    
  0.000  1.5485227      0.0000000      0.0000000      0.0000000      0.0000000      0.0000000      0.0000000      0.0000000    
  0.000  0.0000000      1.9666843     0.32794557      0.0000000      0.0000000      0.0000000      0.0000000      0.0000000    
  0.000  0.0000000     0.32794557      2.0381935      0.0000000      0.0000000      0.0000000      0.0000000      0.0000000    
  0.000  0.0000000      0.0000000      0.0000000      0.0000000      0.0000000      0.0000000      0.0000000      0.0000000    
  0.000  0.0000000      0.0000000      0.0000000      0.0000000      0.0000000      0.0000000      0.0000000      0.0000000    
  0.000  0.0000000      0.0000000      0.0000000      0.0000000      0.0000000      0.0000000      0.0000000      0.0000000    
  0.000  0.0000000      0.0000000      0.0000000      0.0000000      0.0000000      0.0000000      0.0000000      0.0000000    
  0.000  0.0000000      0.0000000      0.0000000      0.0000000      0.0000000      0.0000000      0.0000000      0.0000000    

N N
  0.000  0.0000000      0.0000000      0.0000000      0.0000000      0.0000000      0.0000000      0.0000000      0.0000000    
  0.000  3.6100470      0.0000000      0.0000000      0.0000000     -.74114579      2.6029529      0.0000000      0.0000000    
  0.000  0.0000000      5.4925730     0.47472804      1.8711181      0.0000000      0.0000000     -5.8903369      4.3093700    
  0.000  0.0000000     0.47472804      5.5904012     -.83992561      0.0000000      0.0000000     0.46926377      5.5519813    
  0.000  0.0000000      1.8711181     -.83992561      20.876873      0.0000000      0.0000000     -.63383890E-02  3.8910782    
  0.000 -.74114579      0.0000000      0.0000000      0.0000000      24.957655      5.0990162      0.0000000      0.0000000    
  0.000  2.6029529      0.0000000      0.0000000      0.0000000      5.0990162      32.411261      0.0000000      0.0000000    
  0.000  0.0000000     -5.8903369     0.46926377     -.63383890E-02  0.0000000      0.0000000      27.255513     -5.6735974    
  0.000  0.0000000      4.3093700      5.5519813      3.8910782      0.0000000      0.0000000     -5.6735974      14.973814    

H2 H2
  0.000  0.0000000      0.0000000      0.0000000      0.0000000      0.0000000      0.0000000      0.0000000      0.0000000    
  0.000  1.0267292      0.0000000      0.0000000      0.0000000      0.0000000      0.0000000      0.0000000      0.0000000    
  0.000  0.0000000     0.94534176     0.25601489      0.0000000      0.0000000      0.0000000      0.0000000      0.0000000    
  0.000  0.0000000     0.25601489      1.3689929      0.0000000      0.0000000      0.0000000      0.0000000      0.0000000    
